version https://git-lfs.github.com/spec/v1
oid sha256:027b61501e50c97c9125e70c0a4971bb61319f372a386895e10aefb26ddeda75
size 937458
